Calcul du score PageRank du graphe G 

Matrice d'adjacence : 

[[ 0.  1.  3.  3.  3.]
 [ 0.  0.  0.  4.  4.]
 [ 1.  5.  0.  4.  2.]
 [ 3.  1.  2.  0.  2.]
 [ 1.  1.  1.  3.  0.]]

Vecteur des degres entrant : 

[  5.   8.   6.  14.  11.]

Matrice stochastique : 

[[ 0.          0.          0.08333333  0.375       0.16666667]
 [ 0.1         0.          0.41666667  0.125       0.16666667]
 [ 0.3         0.          0.          0.25        0.16666667]
 [ 0.3         0.5         0.33333333  0.          0.5       ]
 [ 0.3         0.5         0.16666667  0.25        0.        ]]

Matrice Google : 

[[ 0.03        0.03        0.10083333  0.34875     0.17166667]
 [ 0.115       0.03        0.38416667  0.13625     0.17166667]
 [ 0.285       0.03        0.03        0.2425      0.17166667]
 [ 0.285       0.455       0.31333333  0.03        0.455     ]
 [ 0.285       0.455       0.17166667  0.2425      0.03      ]]

Score PageRank : 

[ 0.16365486  0.16457733  0.16333829  0.283683    0.22474651]
